a => 78 9 22 19 41 55 54 50 70 97 16 15 75 83 44 60 81 11 3 5 20 53 51 14 77 73 47 100 95 21 94 7 68 98 1 43 36 13 86 57 26 72 87 25 69 85 88 40 89 82 45 39 59 92 79 32 63 74 38 91 76 23 49 34 58 18 66 46 84 12 56 42 71 17 93 27 99 24 96 31 10 61 67 8 80 29 4 90 35 65 52 2 37 33 6 48 30 28 62 64 
b => 
--------------------
ra
pb
a => 22 19 41 55 54 50 70 97 16 15 75 83 44 60 81 11 3 5 20 53 51 14 77 73 47 100 95 21 94 7 68 98 1 43 36 13 86 57 26 72 87 25 69 85 88 40 89 82 45 39 59 92 79 32 63 74 38 91 76 23 49 34 58 18 66 46 84 12 56 42 71 17 93 27 99 24 96 31 10 61 67 8 80 29 4 90 35 65 52 2 37 33 6 48 30 28 62 64 78 
b => 
--------------------
ra
pb
a => 41 55 54 50 70 97 16 15 75 83 44 60 81 11 3 5 20 53 51 14 77 73 47 100 95 21 94 7 68 98 1 43 36 13 86 57 26 72 87 25 69 85 88 40 89 82 45 39 59 92 79 32 63 74 38 91 76 23 49 34 58 18 66 46 84 12 56 42 71 17 93 27 99 24 96 31 10 61 67 8 80 29 4 90 35 65 52 2 37 33 6 48 30 28 62 64 78 22 
b => 
--------------------
ra
ra
ra
ra
ra
ra
pb
pb
a => 75 83 44 60 81 11 3 5 20 53 51 14 77 73 47 100 95 21 94 7 68 98 1 43 36 13 86 57 26 72 87 25 69 85 88 40 89 82 45 39 59 92 79 32 63 74 38 91 76 23 49 34 58 18 66 46 84 12 56 42 71 17 93 27 99 24 96 31 10 61 67 8 80 29 4 90 35 65 52 2 37 33 6 48 30 28 62 64 78 22 41 55 54 50 70 97 
b => 
--------------------
ra
ra
ra
ra
ra
pb
pb
pb
pb
a => 53 51 14 77 73 47 100 95 21 94 7 68 98 1 43 36 13 86 57 26 72 87 25 69 85 88 40 89 82 45 39 59 92 79 32 63 74 38 91 76 23 49 34 58 18 66 46 84 12 56 42 71 17 93 27 99 24 96 31 10 61 67 8 80 29 4 90 35 65 52 2 37 33 6 48 30 28 62 64 78 22 41 55 54 50 70 97 75 83 44 60 81 
b => 
--------------------
ra
ra
pb
a => 77 73 47 100 95 21 94 7 68 98 1 43 36 13 86 57 26 72 87 25 69 85 88 40 89 82 45 39 59 92 79 32 63 74 38 91 76 23 49 34 58 18 66 46 84 12 56 42 71 17 93 27 99 24 96 31 10 61 67 8 80 29 4 90 35 65 52 2 37 33 6 48 30 28 62 64 78 22 41 55 54 50 70 97 75 83 44 60 81 53 51 
b => 
--------------------
ra
ra
ra
ra
ra
ra
ra
pb
a => 68 98 1 43 36 13 86 57 26 72 87 25 69 85 88 40 89 82 45 39 59 92 79 32 63 74 38 91 76 23 49 34 58 18 66 46 84 12 56 42 71 17 93 27 99 24 96 31 10 61 67 8 80 29 4 90 35 65 52 2 37 33 6 48 30 28 62 64 78 22 41 55 54 50 70 97 75 83 44 60 81 53 51 77 73 47 100 95 21 94 
b => 
--------------------
ra
ra
pb
a => 43 36 13 86 57 26 72 87 25 69 85 88 40 89 82 45 39 59 92 79 32 63 74 38 91 76 23 49 34 58 18 66 46 84 12 56 42 71 17 93 27 99 24 96 31 10 61 67 8 80 29 4 90 35 65 52 2 37 33 6 48 30 28 62 64 78 22 41 55 54 50 70 97 75 83 44 60 81 53 51 77 73 47 100 95 21 94 68 98 
b => 
--------------------
ra
ra
pb
a => 86 57 26 72 87 25 69 85 88 40 89 82 45 39 59 92 79 32 63 74 38 91 76 23 49 34 58 18 66 46 84 12 56 42 71 17 93 27 99 24 96 31 10 61 67 8 80 29 4 90 35 65 52 2 37 33 6 48 30 28 62 64 78 22 41 55 54 50 70 97 75 83 44 60 81 53 51 77 73 47 100 95 21 94 68 98 43 36 
b => 
--------------------
ra
ra
ra
ra
ra
ra
ra
ra
ra
ra
ra
ra
ra
ra
ra
ra
ra
ra
ra
ra
ra
ra
ra
ra
ra
ra
ra
pb
a => 66 46 84 12 56 42 71 17 93 27 99 24 96 31 10 61 67 8 80 29 4 90 35 65 52 2 37 33 6 48 30 28 62 64 78 22 41 55 54 50 70 97 75 83 44 60 81 53 51 77 73 47 100 95 21 94 68 98 43 36 86 57 26 72 87 25 69 85 88 40 89 82 45 39 59 92 79 32 63 74 38 91 76 23 49 34 58 
b => 
--------------------
ra
ra
ra
pb
a => 56 42 71 17 93 27 99 24 96 31 10 61 67 8 80 29 4 90 35 65 52 2 37 33 6 48 30 28 62 64 78 22 41 55 54 50 70 97 75 83 44 60 81 53 51 77 73 47 100 95 21 94 68 98 43 36 86 57 26 72 87 25 69 85 88 40 89 82 45 39 59 92 79 32 63 74 38 91 76 23 49 34 58 66 46 84 
b => 
--------------------
ra
ra
ra
pb
a => 93 27 99 24 96 31 10 61 67 8 80 29 4 90 35 65 52 2 37 33 6 48 30 28 62 64 78 22 41 55 54 50 70 97 75 83 44 60 81 53 51 77 73 47 100 95 21 94 68 98 43 36 86 57 26 72 87 25 69 85 88 40 89 82 45 39 59 92 79 32 63 74 38 91 76 23 49 34 58 66 46 84 56 42 71 
b => 
--------------------
ra
ra
ra
ra
ra
ra
pb
a => 61 67 8 80 29 4 90 35 65 52 2 37 33 6 48 30 28 62 64 78 22 41 55 54 50 70 97 75 83 44 60 81 53 51 77 73 47 100 95 21 94 68 98 43 36 86 57 26 72 87 25 69 85 88 40 89 82 45 39 59 92 79 32 63 74 38 91 76 23 49 34 58 66 46 84 56 42 71 93 27 99 24 96 31 
b => 
--------------------
ra
ra
pb
a => 80 29 4 90 35 65 52 2 37 33 6 48 30 28 62 64 78 22 41 55 54 50 70 97 75 83 44 60 81 53 51 77 73 47 100 95 21 94 68 98 43 36 86 57 26 72 87 25 69 85 88 40 89 82 45 39 59 92 79 32 63 74 38 91 76 23 49 34 58 66 46 84 56 42 71 93 27 99 24 96 31 61 67 
b => 
--------------------
ra
ra
pb
a => 90 35 65 52 2 37 33 6 48 30 28 62 64 78 22 41 55 54 50 70 97 75 83 44 60 81 53 51 77 73 47 100 95 21 94 68 98 43 36 86 57 26 72 87 25 69 85 88 40 89 82 45 39 59 92 79 32 63 74 38 91 76 23 49 34 58 66 46 84 56 42 71 93 27 99 24 96 31 61 67 80 29 
b => 
--------------------
ra
ra
ra
ra
pb
a => 37 33 6 48 30 28 62 64 78 22 41 55 54 50 70 97 75 83 44 60 81 53 51 77 73 47 100 95 21 94 68 98 43 36 86 57 26 72 87 25 69 85 88 40 89 82 45 39 59 92 79 32 63 74 38 91 76 23 49 34 58 66 46 84 56 42 71 93 27 99 24 96 31 61 67 80 29 90 35 65 52 
b => 
--------------------
ra
ra
pb
a => 48 30 28 62 64 78 22 41 55 54 50 70 97 75 83 44 60 81 53 51 77 73 47 100 95 21 94 68 98 43 36 86 57 26 72 87 25 69 85 88 40 89 82 45 39 59 92 79 32 63 74 38 91 76 23 49 34 58 66 46 84 56 42 71 93 27 99 24 96 31 61 67 80 29 90 35 65 52 37 33 
b => 
--------------------
ra
pb
pb
a => 62 64 78 22 41 55 54 50 70 97 75 83 44 60 81 53 51 77 73 47 100 95 21 94 68 98 43 36 86 57 26 72 87 25 69 85 88 40 89 82 45 39 59 92 79 32 63 74 38 91 76 23 49 34 58 66 46 84 56 42 71 93 27 99 24 96 31 61 67 80 29 90 35 65 52 37 33 48 
b => 
--------------------
ra
ra
ra
pb
a => 41 55 54 50 70 97 75 83 44 60 81 53 51 77 73 47 100 95 21 94 68 98 43 36 86 57 26 72 87 25 69 85 88 40 89 82 45 39 59 92 79 32 63 74 38 91 76 23 49 34 58 66 46 84 56 42 71 93 27 99 24 96 31 61 67 80 29 90 35 65 52 37 33 48 62 64 78 
b => 
--------------------
ra
ra
ra
ra
ra
ra
ra
ra
ra
ra
ra
ra
ra
ra
ra
ra
ra
ra
pb
a => 94 68 98 43 36 86 57 26 72 87 25 69 85 88 40 89 82 45 39 59 92 79 32 63 74 38 91 76 23 49 34 58 66 46 84 56 42 71 93 27 99 24 96 31 61 67 80 29 90 35 65 52 37 33 48 62 64 78 41 55 54 50 70 97 75 83 44 60 81 53 51 77 73 47 100 95 
b => 
--------------------
ra
ra
ra
ra
pb
a => 86 57 26 72 87 25 69 85 88 40 89 82 45 39 59 92 79 32 63 74 38 91 76 23 49 34 58 66 46 84 56 42 71 93 27 99 24 96 31 61 67 80 29 90 35 65 52 37 33 48 62 64 78 41 55 54 50 70 97 75 83 44 60 81 53 51 77 73 47 100 95 94 68 98 43 
b => 
--------------------
ra
ra
pb
a => 72 87 25 69 85 88 40 89 82 45 39 59 92 79 32 63 74 38 91 76 23 49 34 58 66 46 84 56 42 71 93 27 99 24 96 31 61 67 80 29 90 35 65 52 37 33 48 62 64 78 41 55 54 50 70 97 75 83 44 60 81 53 51 77 73 47 100 95 94 68 98 43 86 57 
b => 
--------------------
ra
ra
pb
a => 69 85 88 40 89 82 45 39 59 92 79 32 63 74 38 91 76 23 49 34 58 66 46 84 56 42 71 93 27 99 24 96 31 61 67 80 29 90 35 65 52 37 33 48 62 64 78 41 55 54 50 70 97 75 83 44 60 81 53 51 77 73 47 100 95 94 68 98 43 86 57 72 87 
b => 
--------------------
ra
ra
ra
pb
a => 89 82 45 39 59 92 79 32 63 74 38 91 76 23 49 34 58 66 46 84 56 42 71 93 27 99 24 96 31 61 67 80 29 90 35 65 52 37 33 48 62 64 78 41 55 54 50 70 97 75 83 44 60 81 53 51 77 73 47 100 95 94 68 98 43 86 57 72 87 69 85 88 
b => 
--------------------
ra
ra
ra
pb
a => 59 92 79 32 63 74 38 91 76 23 49 34 58 66 46 84 56 42 71 93 27 99 24 96 31 61 67 80 29 90 35 65 52 37 33 48 62 64 78 41 55 54 50 70 97 75 83 44 60 81 53 51 77 73 47 100 95 94 68 98 43 86 57 72 87 69 85 88 89 82 45 
b => 
--------------------
ra
ra
ra
pb
a => 63 74 38 91 76 23 49 34 58 66 46 84 56 42 71 93 27 99 24 96 31 61 67 80 29 90 35 65 52 37 33 48 62 64 78 41 55 54 50 70 97 75 83 44 60 81 53 51 77 73 47 100 95 94 68 98 43 86 57 72 87 69 85 88 89 82 45 59 92 79 
b => 
--------------------
ra
ra
pb
a => 91 76 23 49 34 58 66 46 84 56 42 71 93 27 99 24 96 31 61 67 80 29 90 35 65 52 37 33 48 62 64 78 41 55 54 50 70 97 75 83 44 60 81 53 51 77 73 47 100 95 94 68 98 43 86 57 72 87 69 85 88 89 82 45 59 92 79 63 74 
b => 
--------------------
ra
ra
pb
a => 49 34 58 66 46 84 56 42 71 93 27 99 24 96 31 61 67 80 29 90 35 65 52 37 33 48 62 64 78 41 55 54 50 70 97 75 83 44 60 81 53 51 77 73 47 100 95 94 68 98 43 86 57 72 87 69 85 88 89 82 45 59 92 79 63 74 91 76 
b => 
--------------------
ra
pb
a => 58 66 46 84 56 42 71 93 27 99 24 96 31 61 67 80 29 90 35 65 52 37 33 48 62 64 78 41 55 54 50 70 97 75 83 44 60 81 53 51 77 73 47 100 95 94 68 98 43 86 57 72 87 69 85 88 89 82 45 59 92 79 63 74 91 76 49 
b => 
--------------------
ra
ra
ra
ra
ra
ra
ra
ra
pb
a => 99 24 96 31 61 67 80 29 90 35 65 52 37 33 48 62 64 78 41 55 54 50 70 97 75 83 44 60 81 53 51 77 73 47 100 95 94 68 98 43 86 57 72 87 69 85 88 89 82 45 59 92 79 63 74 91 76 49 58 66 46 84 56 42 71 93 
b => 
--------------------
ra
pb
a => 96 31 61 67 80 29 90 35 65 52 37 33 48 62 64 78 41 55 54 50 70 97 75 83 44 60 81 53 51 77 73 47 100 95 94 68 98 43 86 57 72 87 69 85 88 89 82 45 59 92 79 63 74 91 76 49 58 66 46 84 56 42 71 93 99 
b => 
--------------------
ra
pb
a => 61 67 80 29 90 35 65 52 37 33 48 62 64 78 41 55 54 50 70 97 75 83 44 60 81 53 51 77 73 47 100 95 94 68 98 43 86 57 72 87 69 85 88 89 82 45 59 92 79 63 74 91 76 49 58 66 46 84 56 42 71 93 99 96 
b => 
--------------------
ra
ra
ra
pb
a => 90 35 65 52 37 33 48 62 64 78 41 55 54 50 70 97 75 83 44 60 81 53 51 77 73 47 100 95 94 68 98 43 86 57 72 87 69 85 88 89 82 45 59 92 79 63 74 91 76 49 58 66 46 84 56 42 71 93 99 96 61 67 80 
b => 
--------------------
ra
pb
a => 65 52 37 33 48 62 64 78 41 55 54 50 70 97 75 83 44 60 81 53 51 77 73 47 100 95 94 68 98 43 86 57 72 87 69 85 88 89 82 45 59 92 79 63 74 91 76 49 58 66 46 84 56 42 71 93 99 96 61 67 80 90 
b => 
--------------------
ra
ra
pb
pb
pb
a => 62 64 78 41 55 54 50 70 97 75 83 44 60 81 53 51 77 73 47 100 95 94 68 98 43 86 57 72 87 69 85 88 89 82 45 59 92 79 63 74 91 76 49 58 66 46 84 56 42 71 93 99 96 61 67 80 90 65 52 
b => 
--------------------
ra
ra
ra
pb
pb
pb
pb
a => 70 97 75 83 44 60 81 53 51 77 73 47 100 95 94 68 98 43 86 57 72 87 69 85 88 89 82 45 59 92 79 63 74 91 76 49 58 66 46 84 56 42 71 93 99 96 61 67 80 90 65 52 62 64 78 
b => 
--------------------
ra
ra
ra
ra
pb
pb
a => 81 53 51 77 73 47 100 95 94 68 98 43 86 57 72 87 69 85 88 89 82 45 59 92 79 63 74 91 76 49 58 66 46 84 56 42 71 93 99 96 61 67 80 90 65 52 62 64 78 70 97 75 83 
b => 
--------------------
ra
pb
pb
a => 77 73 47 100 95 94 68 98 43 86 57 72 87 69 85 88 89 82 45 59 92 79 63 74 91 76 49 58 66 46 84 56 42 71 93 99 96 61 67 80 90 65 52 62 64 78 70 97 75 83 81 
b => 
--------------------
ra
ra
pb
a => 100 95 94 68 98 43 86 57 72 87 69 85 88 89 82 45 59 92 79 63 74 91 76 49 58 66 46 84 56 42 71 93 99 96 61 67 80 90 65 52 62 64 78 70 97 75 83 81 77 73 
b => 
--------------------
ra
ra
ra
ra
ra
pb
a => 86 57 72 87 69 85 88 89 82 45 59 92 79 63 74 91 76 49 58 66 46 84 56 42 71 93 99 96 61 67 80 90 65 52 62 64 78 70 97 75 83 81 77 73 100 95 94 68 98 
b => 
--------------------
ra
pb
a => 72 87 69 85 88 89 82 45 59 92 79 63 74 91 76 49 58 66 46 84 56 42 71 93 99 96 61 67 80 90 65 52 62 64 78 70 97 75 83 81 77 73 100 95 94 68 98 86 
b => 
--------------------
ra
ra
ra
ra
ra
ra
ra
pb
pb
a => 92 79 63 74 91 76 49 58 66 46 84 56 42 71 93 99 96 61 67 80 90 65 52 62 64 78 70 97 75 83 81 77 73 100 95 94 68 98 86 72 87 69 85 88 89 82 
b => 
--------------------
ra
ra
ra
ra
ra
ra
pb
pb
a => 66 46 84 56 42 71 93 99 96 61 67 80 90 65 52 62 64 78 70 97 75 83 81 77 73 100 95 94 68 98 86 72 87 69 85 88 89 82 92 79 63 74 91 76 
b => 
--------------------
ra
pb
a => 84 56 42 71 93 99 96 61 67 80 90 65 52 62 64 78 70 97 75 83 81 77 73 100 95 94 68 98 86 72 87 69 85 88 89 82 92 79 63 74 91 76 66 
b => 
--------------------
ra
pb
pb
a => 71 93 99 96 61 67 80 90 65 52 62 64 78 70 97 75 83 81 77 73 100 95 94 68 98 86 72 87 69 85 88 89 82 92 79 63 74 91 76 66 84 
b => 
--------------------
ra
ra
ra
ra
ra
ra
ra
ra
ra
pb
pb
pb
pb
pb
a => 97 75 83 81 77 73 100 95 94 68 98 86 72 87 69 85 88 89 82 92 79 63 74 91 76 66 84 71 93 99 96 61 67 80 90 65 
b => 
--------------------
ra
pb
a => 83 81 77 73 100 95 94 68 98 86 72 87 69 85 88 89 82 92 79 63 74 91 76 66 84 71 93 99 96 61 67 80 90 65 97 
b => 
--------------------
ra
ra
pb
pb
a => 100 95 94 68 98 86 72 87 69 85 88 89 82 92 79 63 74 91 76 66 84 71 93 99 96 61 67 80 90 65 97 83 81 
b => 
--------------------
ra
ra
ra
pb
a => 98 86 72 87 69 85 88 89 82 92 79 63 74 91 76 66 84 71 93 99 96 61 67 80 90 65 97 83 81 100 95 94 
b => 
--------------------
ra
ra
pb
a => 87 69 85 88 89 82 92 79 63 74 91 76 66 84 71 93 99 96 61 67 80 90 65 97 83 81 100 95 94 98 86 
b => 
--------------------
ra
pb
a => 85 88 89 82 92 79 63 74 91 76 66 84 71 93 99 96 61 67 80 90 65 97 83 81 100 95 94 98 86 87 
b => 
--------------------
ra
ra
ra
ra
ra
pb
pb
pb
a => 91 76 66 84 71 93 99 96 61 67 80 90 65 97 83 81 100 95 94 98 86 87 85 88 89 82 92 
b => 
--------------------
ra
pb
pb
a => 84 71 93 99 96 61 67 80 90 65 97 83 81 100 95 94 98 86 87 85 88 89 82 92 91 
b => 
--------------------
ra
pb
a => 93 99 96 61 67 80 90 65 97 83 81 100 95 94 98 86 87 85 88 89 82 92 91 84 
b => 
--------------------
ra
ra
ra
pb
pb
pb
a => 90 65 97 83 81 100 95 94 98 86 87 85 88 89 82 92 91 84 93 99 96 
b => 
--------------------
ra
pb
ra
ra
pb
a => 100 95 94 98 86 87 85 88 89 82 92 91 84 93 99 96 90 97 83 
b => 81 65 80 67 61 71 66 76 74 63 79 69 72 68 73 77 75 70 78 64 62 52 42 56 46 58 49 59 45 57 43 47 51 53 60 44 50 54 55 41 48 33 37 35 29 31 24 27 34 23 38 32 39 40 25 26 36 21 22 28 30 6 2 4 8 10 17 12 18 13 1 7 14 20 5 3 11 15 16 19 9 
--------------------
ra
ra
ra
ra
ra
ra
ra
ra
ra
pb
a => 92 91 84 93 99 96 90 97 83 100 95 94 98 86 87 85 88 89 
b => 82 81 65 80 67 61 71 66 76 74 63 79 69 72 68 73 77 75 70 78 64 62 52 42 56 46 58 49 59 45 57 43 47 51 53 60 44 50 54 55 41 48 33 37 35 29 31 24 27 34 23 38 32 39 40 25 26 36 21 22 28 30 6 2 4 8 10 17 12 18 13 1 7 14 20 5 3 11 15 16 19 9 
--------------------
ra
ra
ra
ra
ra
ra
ra
ra
pb
a => 100 95 94 98 86 87 85 88 89 92 91 84 93 99 96 90 97 
b => 83 82 81 65 80 67 61 71 66 76 74 63 79 69 72 68 73 77 75 70 78 64 62 52 42 56 46 58 49 59 45 57 43 47 51 53 60 44 50 54 55 41 48 33 37 35 29 31 24 27 34 23 38 32 39 40 25 26 36 21 22 28 30 6 2 4 8 10 17 12 18 13 1 7 14 20 5 3 11 15 16 19 9 
--------------------
rra
rra
rra
rra
rra
rra
pb
a => 93 99 96 90 97 100 95 94 98 86 87 85 88 89 92 91 
b => 84 83 82 81 65 80 67 61 71 66 76 74 63 79 69 72 68 73 77 75 70 78 64 62 52 42 56 46 58 49 59 45 57 43 47 51 53 60 44 50 54 55 41 48 33 37 35 29 31 24 27 34 23 38 32 39 40 25 26 36 21 22 28 30 6 2 4 8 10 17 12 18 13 1 7 14 20 5 3 11 15 16 19 9 
--------------------
rra
rra
rra
rra
rra
pb
a => 88 89 92 91 93 99 96 90 97 100 95 94 98 86 87 
b => 85 84 83 82 81 65 80 67 61 71 66 76 74 63 79 69 72 68 73 77 75 70 78 64 62 52 42 56 46 58 49 59 45 57 43 47 51 53 60 44 50 54 55 41 48 33 37 35 29 31 24 27 34 23 38 32 39 40 25 26 36 21 22 28 30 6 2 4 8 10 17 12 18 13 1 7 14 20 5 3 11 15 16 19 9 
--------------------
rra
rra
pb
a => 87 88 89 92 91 93 99 96 90 97 100 95 94 98 
b => 86 85 84 83 82 81 65 80 67 61 71 66 76 74 63 79 69 72 68 73 77 75 70 78 64 62 52 42 56 46 58 49 59 45 57 43 47 51 53 60 44 50 54 55 41 48 33 37 35 29 31 24 27 34 23 38 32 39 40 25 26 36 21 22 28 30 6 2 4 8 10 17 12 18 13 1 7 14 20 5 3 11 15 16 19 9 
--------------------
pb
a => 88 89 92 91 93 99 96 90 97 100 95 94 98 
b => 87 86 85 84 83 82 81 65 80 67 61 71 66 76 74 63 79 69 72 68 73 77 75 70 78 64 62 52 42 56 46 58 49 59 45 57 43 47 51 53 60 44 50 54 55 41 48 33 37 35 29 31 24 27 34 23 38 32 39 40 25 26 36 21 22 28 30 6 2 4 8 10 17 12 18 13 1 7 14 20 5 3 11 15 16 19 9 
--------------------
pb
a => 89 92 91 93 99 96 90 97 100 95 94 98 
b => 88 87 86 85 84 83 82 81 65 80 67 61 71 66 76 74 63 79 69 72 68 73 77 75 70 78 64 62 52 42 56 46 58 49 59 45 57 43 47 51 53 60 44 50 54 55 41 48 33 37 35 29 31 24 27 34 23 38 32 39 40 25 26 36 21 22 28 30 6 2 4 8 10 17 12 18 13 1 7 14 20 5 3 11 15 16 19 9 
--------------------
pb
a => 92 91 93 99 96 90 97 100 95 94 98 
b => 89 88 87 86 85 84 83 82 81 65 80 67 61 71 66 76 74 63 79 69 72 68 73 77 75 70 78 64 62 52 42 56 46 58 49 59 45 57 43 47 51 53 60 44 50 54 55 41 48 33 37 35 29 31 24 27 34 23 38 32 39 40 25 26 36 21 22 28 30 6 2 4 8 10 17 12 18 13 1 7 14 20 5 3 11 15 16 19 9 
--------------------
ra
ra
ra
ra
ra
pb
a => 97 100 95 94 98 92 91 93 99 96 
b => 90 89 88 87 86 85 84 83 82 81 65 80 67 61 71 66 76 74 63 79 69 72 68 73 77 75 70 78 64 62 52 42 56 46 58 49 59 45 57 43 47 51 53 60 44 50 54 55 41 48 33 37 35 29 31 24 27 34 23 38 32 39 40 25 26 36 21 22 28 30 6 2 4 8 10 17 12 18 13 1 7 14 20 5 3 11 15 16 19 9 
--------------------
rra
rra
rra
rra
pb
a => 93 99 96 97 100 95 94 98 92 
b => 91 90 89 88 87 86 85 84 83 82 81 65 80 67 61 71 66 76 74 63 79 69 72 68 73 77 75 70 78 64 62 52 42 56 46 58 49 59 45 57 43 47 51 53 60 44 50 54 55 41 48 33 37 35 29 31 24 27 34 23 38 32 39 40 25 26 36 21 22 28 30 6 2 4 8 10 17 12 18 13 1 7 14 20 5 3 11 15 16 19 9 
--------------------
rra
pb
a => 93 99 96 97 100 95 94 98 
b => 92 91 90 89 88 87 86 85 84 83 82 81 65 80 67 61 71 66 76 74 63 79 69 72 68 73 77 75 70 78 64 62 52 42 56 46 58 49 59 45 57 43 47 51 53 60 44 50 54 55 41 48 33 37 35 29 31 24 27 34 23 38 32 39 40 25 26 36 21 22 28 30 6 2 4 8 10 17 12 18 13 1 7 14 20 5 3 11 15 16 19 9 
--------------------
pb
a => 99 96 97 100 95 94 98 
b => 93 92 91 90 89 88 87 86 85 84 83 82 81 65 80 67 61 71 66 76 74 63 79 69 72 68 73 77 75 70 78 64 62 52 42 56 46 58 49 59 45 57 43 47 51 53 60 44 50 54 55 41 48 33 37 35 29 31 24 27 34 23 38 32 39 40 25 26 36 21 22 28 30 6 2 4 8 10 17 12 18 13 1 7 14 20 5 3 11 15 16 19 9 
--------------------
rra
rra
pb
a => 98 99 96 97 100 95 
b => 94 93 92 91 90 89 88 87 86 85 84 83 82 81 65 80 67 61 71 66 76 74 63 79 69 72 68 73 77 75 70 78 64 62 52 42 56 46 58 49 59 45 57 43 47 51 53 60 44 50 54 55 41 48 33 37 35 29 31 24 27 34 23 38 32 39 40 25 26 36 21 22 28 30 6 2 4 8 10 17 12 18 13 1 7 14 20 5 3 11 15 16 19 9 
--------------------
rra
pb
a => 98 99 96 97 100 
b => 95 94 93 92 91 90 89 88 87 86 85 84 83 82 81 65 80 67 61 71 66 76 74 63 79 69 72 68 73 77 75 70 78 64 62 52 42 56 46 58 49 59 45 57 43 47 51 53 60 44 50 54 55 41 48 33 37 35 29 31 24 27 34 23 38 32 39 40 25 26 36 21 22 28 30 6 2 4 8 10 17 12 18 13 1 7 14 20 5 3 11 15 16 19 9 
--------------------
sa
ra
sa
pb
sa
pb
sa
ra
sa
pa
pa
pb
pb
sa
pa
pa
pa
pa
pa
pa
pa
pa
pa
pa
pa
pa
pa
pa
pa
pa
pa
sb
pa
rb
rb
rb
rb
rb
rb
rb
rb
pa
rb
rb
rb
rb
rb
rb
rb
pa
rrb
rrb
rrb
pa
rrb
rrb
rrb
rrb
rrb
rrb
rrb
pa
rb
rb
rb
rb
rb
rb
pa
rrb
rrb
rrb
rrb
rrb
rrb
pa
rb
rb
rb
rb
pa
rrb
rrb
pa
rrb
rrb
rrb
rrb
pa
rb
rb
rb
rb
pa
rrb
rrb
pa
pa
rrb
rrb
rrb
rrb
pa
sb
pa
rrb
pa
rb
rb
pa
rrb
pa
pa
rrb
pa
rb
rb
rb
rb
rb
rb
rb
rb
rb
rb
rb
rb
rb
pa
rrb
rrb
rrb
rrb
rrb
rrb
rrb
pa
rrb
rrb
pa
rb
rb
pa
rrb
rrb
rrb
rrb
pa
rb
rb
rb
rb
rb
rb
rb
rb
rb
rb
pa
rrb
pa
rrb
rrb
rrb
pa
rrb
rrb
rrb
rrb
rrb
rrb
rrb
rrb
pa
rb
rb
rb
rb
rb
rb
pa
sb
pa
rrb
rrb
rrb
rrb
pa
rb
rb
rb
rb
rb
pa
rrb
rrb
rrb
pa
rrb
rrb
rrb
pa
pa
sb
pa
pa
rrb
pa
pa
rb
rb
rb
rb
rb
rb
rb
rb
rb
rb
rb
rb
pa
rrb
pa
rrb
rrb
pa
rrb
rrb
rrb
rrb
rrb
rrb
rrb
rrb
pa
rb
rb
rb
rb
rb
rb
rb
rb
rb
rb
pa
rrb
rrb
rrb
rrb
rrb
rrb
rrb
rrb
rrb
rrb
pa
rb
rb
rb
rb
pa
rrb
rrb
rrb
rrb
rrb
pa
rb
rb
rb
rb
rb
pa
rrb
rrb
rrb
rrb
pa
rb
rb
rb
rb
rb
rb
rb
rb
pa
rrb
rrb
rrb
rrb
rrb
rrb
rrb
rrb
rrb
pa
rb
rb
rb
rb
rb
rb
rb
pa
rrb
rrb
rrb
rrb
rrb
rrb
pa
rb
rb
pa
rrb
pa
rrb
rrb
pa
pa
sb
pa
pa
rrb
rrb
rrb
rrb
rrb
rrb
rrb
rrb
pa
rb
rb
rb
rb
rb
pa
rb
rb
rb
rb
rb
rb
rb
rb
pa
rrb
rrb
pa
rrb
rrb
rrb
rrb
rrb
rrb
rrb
pa
rrb
pa
rrb
rrb
rrb
rrb
pa
rrb
rrb
rrb
pa
rrb
pa
rb
rb
rb
rb
pa
rb
rb
rb
rb
rb
pa
rb
rb
rb
rb
pa
rb
rb
rb
pa
sb
pa
rb
rb
rb
pa
rrb
rrb
pa
rb
rb
pa
sb
pa
sb
pa
pa
